version1
tc:t1054
data:3;151;13.6483430862;7 5
tc:t1287
data:29;379;34.3796300888;2 2 .  1
32 1 062
 405 7
 5
7
tc:t1370
data:6;122;11.2551000118;42 2 5
tc:t1530
data:3;20;1.82115221024;1 5
tc:t1546
data:3;20;1.86656713486;1 5
tc:t1670
data:3;18;1.56264281273;1 5
tc:t1913
data:4;161;14.7547960281;58
6
tc:t1917
data:4;65;5.84778499603;50 6
tc:t2047
data:18;288;32.1450338364; 3
2 1.
4.
7
5 4
2
tc:t2128
data:25;381;36.1197109222;3 2 2.
3 7 
 0.89
2  1 3
tc:t2214
data:4;40;3.35552692413;54
6
tc:t2285
data:3;53;4.86397480965;1
5
tc:t2309
data:13;192;16.7740609646;3 11
7
46
5
7
tc:t2385
data:3;33;2.85110902786;1
5
tc:t2400
data:3;25;2.11585712433;1
5
tc:t2403
data:3;22;1.80603504181;1
5
tc:t2407
data:3;22;1.83474302292;1
5
tc:t2599
data:3;57;4.89121603966;2
5
tc:t2615
data:3;41;3.49110412598;1
5
tc:t2616
data:10;84;7.41462087631;3
7
41
5
7
tc:t538
data:3;37;3.1091299057;2 5
tc:t742
data:3;134;11.9698860645;7 5
tc:t790
data:3;164;15.1382188797;1 5
tc:t850
data:10;117;10.4917700291;3 34 7
5 7
version2
tc:t1054
data:3;141;12.3021659851;7 5
tc:t1287
data:7;180;15.369738102;3
4 5 7
tc:t1370
data:3;133;11.3767149448;1 5
tc:t1530
data:3;20;1.68042898178;1 5
tc:t1546
data:3;20;1.75162410736;1 5
tc:t1670
data:3;18;1.52587080002;1 5
tc:t1913
data:16;217;18.4638199806;3
11
2 1
4
7
5
6
tc:t1917
data:4;64;5.47435307503;50 6
tc:t2047
data:13;189;16.5021390915;3
2 1
4
7
5
7
tc:t2128
data:12;262;22.4650039673;22
2 1
4 2 5
tc:t2214
data:4;40;3.36239314079;54
6
tc:t2285
data:3;68;5.90123701096;2
5
tc:t2309
data:10;172;14.7710039616;3 11
4
5
7
tc:t2385
data:3;33;2.84718298912;1
5
tc:t2400
data:3;25;2.17006587982;1
5
tc:t2403
data:3;22;1.82833790779;1
5
tc:t2407
data:3;22;1.86483693123;1
5
tc:t2599
data:3;57;4.73875498772;2
5
tc:t2615
data:3;41;3.7885518074;1
5
tc:t2616
data:7;88;7.63145518303;3
4
5
7
tc:t538
data:3;37;3.09305381775;2 5
tc:t742
data:5;94;8.07534193993;4 5 7
tc:t790
data:3;148;12.8215119839;1 5
tc:t850
data:7;90;7.8084590435;3
4
5 7
version3
tc:t1054
data:3;141;12.1709048748;7 5
tc:t1287
data:7;180;15.2413210869;3
4 5 7
tc:t1370
data:3;133;11.3015460968;1 5
tc:t1530
data:3;20;1.95200991631;1 5
tc:t1546
data:3;20;1.7151119709;1 5
tc:t1670
data:3;18;1.70831894875;1 5
tc:t1913
data:16;217;18.7840681076;3
11
2 1
4
7
5
6
tc:t1917
data:4;65;5.68593811989;50 6
tc:t2047
data:13;189;16.0098359585;3
2 1
4
7
5
7
tc:t2128
data:12;262;22.5527379513;22
2 1
4 2 5
tc:t2214
data:4;40;3.39654707909;54
6
tc:t2285
data:3;68;5.88329195976;2
5
tc:t2309
data:10;172;14.9773991108;3 11
4
5
7
tc:t2385
data:3;33;2.83691906929;1
5
tc:t2400
data:3;25;2.15252995491;1
5
tc:t2403
data:3;22;1.84201908112;1
5
tc:t2407
data:3;22;1.88218307495;1
5
tc:t2599
data:3;57;4.89613699913;2
5
tc:t2615
data:3;41;3.58395314217;1
5
tc:t2616
data:7;88;7.79054617882;3
4
5
7
tc:t538
data:3;37;3.22079992294;2 5
tc:t742
data:5;94;8.06619405746;4 5 7
tc:t790
data:3;148;12.6203401089;1 5
tc:t850
data:7;90;7.86163902283;3
4
5 7
version4
tc:t1054
data:3;141;12.2013728619;7 5
tc:t1287
data:7;180;15.54576087;3
4 5 7
tc:t1370
data:3;133;11.4036109447;1 5
tc:t1530
data:3;20;1.75625896454;1 5
tc:t1546
data:3;20;1.75342202187;1 5
tc:t1670
data:3;18;1.46798205376;1 5
tc:t1913
data:9;205;17.7092161179;11
4.
7 5
tc:t1917
data:4;65;5.85233807564;50 6
tc:t2047
data:13;189;16.4004540443;3
2 1
4
7
5
7
tc:t2128
data:12;262;22.0551171303;22
2 1
4 2 5
tc:t2214
data:4;40;3.43077111244;54
6
tc:t2285
data:3;68;5.90718507767;2
5
tc:t2309
data:10;172;15.0775210857;3 11
4
5
7
tc:t2385
data:3;33;2.78094506264;1
5
tc:t2400
data:3;25;2.06647801399;1
5
tc:t2403
data:3;22;1.85790419579;1
5
tc:t2407
data:3;22;1.91260719299;1
5
tc:t2599
data:3;57;4.96837615967;2
5
tc:t2615
data:3;41;3.51180505753;1
5
tc:t2616
data:7;88;7.55037999153;3
4
5
7
tc:t538
data:3;37;3.25750112534;2 5
tc:t742
data:5;94;8.24237585068;4 5 7
tc:t790
data:3;148;12.6496019363;1 5
tc:t850
data:7;90;7.83166098595;3
4
5 7
version5
tc:t1054
data:3;141;12.2549910545;7 5
tc:t1287
data:8;201;18.0669460297;2 2. 7 5
tc:t1370
data:3;133;11.4774749279;1 5
tc:t1530
data:3;20;1.72849678993;1 5
tc:t1546
data:3;20;1.87723898888;1 5
tc:t1670
data:3;18;1.50529193878;1 5
tc:t1913
data:4;161;14.5084168911;58
6
tc:t1917
data:4;65;5.63842797279;50 6
tc:t2047
data:13;200;17.736374855;3
21
45
7
5
7
tc:t2128
data:22;256;23.962002039;2 2.
7
 1  
4  
2  
5 
tc:t2214
data:4;40;3.45238304138;54
6
tc:t2285
data:3;68;5.85711789131;2
5
tc:t2309
data:10;172;14.7273640633;3 11
4
5
7
tc:t2385
data:3;33;2.732681036;1
5
tc:t2400
data:3;25;2.10140419006;1
5
tc:t2403
data:3;22;1.83058786392;1
5
tc:t2407
data:3;22;1.89922308922;1
5
tc:t2599
data:3;57;4.80526089668;2
5
tc:t2615
data:3;41;3.56969094276;1
5
tc:t2616
data:7;88;7.44891500473;3
4
5
7
tc:t538
data:3;37;3.06037116051;2 5
tc:t742
data:5;94;7.95920705795;4 5 7
tc:t790
data:3;148;12.431568861;1 5
tc:t850
data:7;90;7.62306189537;3
4
5 7
version6
tc:t1054
data:3;151;13.7174780369;7 5
tc:t1287
data:16;292;27.1710870266;2 2.
 1
3
1 0
  
tc:t1370
data:6;122;11.2986168861;42 2 5
tc:t1530
data:3;20;1.65029501915;1 5
tc:t1546
data:3;20;1.68520998955;1 5
tc:t1670
data:3;18;1.47606015205;1 5
tc:t1913
data:4;161;14.7693791389;58
6
tc:t1917
data:4;65;5.56777310371;50 6
tc:t2047
data:12;260;27.9943981171;2 1.
4.8 
7 
tc:t2128
data:18;445;41.5180850029;3 2 2.
3 89
2  38 
tc:t2214
data:4;40;3.41327905655;54
6
tc:t2285
data:3;53;4.62202382088;1
5
tc:t2309
data:13;192;16.9459941387;3 11
7
46
5
7
tc:t2385
data:3;33;2.81062102318;1
5
tc:t2400
data:3;25;2.07443904877;1
5
tc:t2403
data:3;22;1.95435214043;1
5
tc:t2407
data:3;22;1.85551810265;1
5
tc:t2599
data:3;57;5.04331278801;2
5
tc:t2615
data:3;41;3.42736887932;1
5
tc:t2616
data:10;84;7.41196990013;3
7
41
5
7
tc:t538
data:3;37;3.08666610718;2 5
tc:t742
data:3;134;11.9094059467;7 5
tc:t790
data:3;164;15.4019010067;1 5
tc:t850
data:10;117;10.2711079121;3 34 7
5 7
version7
tc:t1054
data:3;141;12.4179759026;7 5
tc:t1287
data:7;180;15.221473217;3
4 5 7
tc:t1370
data:3;133;11.5344920158;1 5
tc:t1530
data:3;20;1.70292782784;1 5
tc:t1546
data:3;20;1.75464892387;1 5
tc:t1670
data:3;18;1.52369499207;1 5
tc:t1913
data:16;217;18.6576430798;3
11
2 1
4
7
5
6
tc:t1917
data:4;65;5.78821992874;50 6
tc:t2047
data:13;189;16.0299191475;3
2 1
4
7
5
7
tc:t2128
data:12;262;22.3909201622;22
2 1
4 2 5
tc:t2214
data:4;40;3.43571209908;54
6
tc:t2285
data:3;68;5.88833403587;2
5
tc:t2309
data:10;172;14.9263041019;3 11
4
5
7
tc:t2385
data:3;33;2.82091903687;1
5
tc:t2400
data:3;25;2.11842989922;1
5
tc:t2403
data:3;22;1.97883081436;1
5
tc:t2407
data:3;22;1.8259139061;1
5
tc:t538
data:3;37;3.15504908562;2 5
tc:t742
data:5;94;8.1408290863;4 5 7
tc:t790
data:3;148;12.7045660019;1 5
tc:t850
data:7;90;7.83850002289;3
4
5 7
version8
tc:t1054
data:3;141;11.9228498936;7 5
tc:t1287
data:7;180;15.1397628784;3
4 5 7
tc:t1370
data:3;133;11.4152159691;1 5
tc:t1530
data:3;20;1.74780321121;1 5
tc:t1546
data:3;20;1.67473697662;1 5
tc:t1670
data:3;18;1.48710513115;1 5
tc:t1913
data:16;217;18.9850301743;3
11
2 1
4
7
5
6
tc:t1917
data:4;65;5.64729881287;50 6
tc:t2047
data:13;189;16.2999699116;3
2 1
4
7
5
7
tc:t2128
data:12;262;22.4467179775;22
2 1
4 2 5
tc:t2214
data:4;40;3.40874695778;54
6
tc:t2285
data:3;68;5.84094309807;2
5
tc:t2309
data:10;172;14.7248311043;3 11
4
5
7
tc:t2385
data:3;33;2.7612888813;1
5
tc:t2400
data:3;25;2.16377711296;1
5
tc:t2403
data:3;22;1.90634703636;1
5
tc:t2407
data:3;22;1.9786438942;1
5
tc:t2599
data:3;57;4.89210510254;2
5
tc:t2615
data:3;41;3.72316884995;1
5
tc:t2616
data:7;88;7.63306808472;3
4
5
7
tc:t538
data:3;37;3.1144618988;2 5
tc:t742
data:5;94;8.31126999855;4 5 7
tc:t790
data:3;148;12.596487999;1 5
tc:t850
data:7;90;7.68767809868;3
4
5 7
version9
tc:t1054
data:3;141;12.0176620483;7 5
tc:t1287
data:7;180;15.2074539661;3
4 5 7
tc:t1370
data:3;133;11.2764060497;1 5
tc:t1530
data:3;20;1.7530400753;1 5
tc:t1546
data:3;20;1.72516798973;1 5
tc:t1670
data:3;18;1.54493904114;1 5
tc:t1913
data:16;217;19.2256300449;3
11
2 1
4
7
5
6
tc:t1917
data:4;65;5.74432396889;50 6
tc:t2047
data:13;189;15.9668779373;3
2 1
4
7
5
7
tc:t2128
data:12;262;22.6379001141;22
2 1
4 2 5
tc:t2214
data:4;40;3.48868298531;54
6
tc:t2285
data:3;68;5.83548879623;2
5
tc:t2309
data:10;172;14.6564040184;3 11
4
5
7
tc:t2385
data:3;33;2.93203496933;1
5
tc:t2400
data:3;25;2.14432406425;1
5
tc:t2403
data:3;22;1.99865889549;1
5
tc:t2407
data:3;22;1.93548607826;1
5
tc:t2599
data:3;57;4.79713082314;2
5
tc:t2615
data:3;41;3.51100087166;1
5
tc:t2616
data:7;88;7.57590007782;3
4
5
7
tc:t538
data:3;37;3.26756000519;2 5
tc:t742
data:5;94;8.15012097359;4 5 7
tc:t790
data:3;148;12.9509179592;1 5
tc:t850
data:7;90;7.8096768856;3
4
5 7
Total tcs:213
