version1
tc:t2397
data:5;27;0.322176933289;3 4 2
tc:t2476
data:5;27;0.567230939865;2
2 7
tc:t2486
data:4;31;0.637013196945;2
2 
tc:t2540
data:5;34;0.448856830597;3
4
2
version2
tc:t1009
data:14;213;0.954855918884;21
3 3 3 4.4 7
tc:t1011
data:11;208;0.35714507103;3 3 3
4.4 7
tc:t1015
data:16;203;0.584526062012;3 2 1. 3 3 4.7 7
tc:t1021
data:11;174;0.607651948929;3 3 3 4. 7
tc:t1022
data:9;130;0.376476049423;3 3
4.5 6
tc:t1030
data:18;276;0.466794967651;22 3 3 3 3 3 4.6 7
tc:t1031
data:14;198;0.549335002899;3 3 3 12
4.4 6
tc:t1045
data:9;82;0.484563112259;3 3 4.6 7
tc:t1046
data:17;182;0.295017957687;3 3 2 2 3 3 4.7 7
tc:t1047
data:12;164;0.316190958023;3 3 3
4.
 7
tc:t1048
data:23;239;0.561450958252;11 3 3 2 2 1 3 21 4.4 7
tc:t105
data:19;218;0.490312814713;33
2 3.
3
3
3
4.4
6
tc:t1056
data:11;135;0.546324014664;3 3 3 4.4 7
tc:t1058
data:17;202;0.74503993988;3 3 3 4.4 2 2 2 7
tc:t1062
data:12;192;0.329710006714;3 3 3 4.68 7
tc:t1071
data:14;204;0.455086946487;12 3
3 3 4.4 7
tc:t108
data:18;267;0.479367017746;3
3
4.
11
3
4 .2
7
tc:t1092
data:14;189;1.07915282249;3 3 3
4. 4.6 7
tc:t110
data:13;111;0.380462884903;3
1 3
3
4.6
7
tc:t1105
data:12;188;0.385395050049;12 3 3 4.5 7
tc:t1128
data:26;417;1.46119904518; 2 2. 3

 3
3
 4.8 1 2
 7
tc:t1132
data:16;223;0.591856956482;42 1 2
3
3 4.5 7
tc:t1151
data:31;412;0.763437986374;2 1 .

 3
 1 3 3
 4. 4 . 4 .5 7
tc:t1168
data:17;255;0.7144780159;3
3 41 3 21 4.4 7
tc:t1169
data:17;271;0.4464199543;3
21 3 2 2. 4.5 7
tc:t1174
data:14;305;0.87463593483;3 3 43
3 4.4 6
tc:t1176
data:10;160;0.39856505394;3 3 4 .
 7
tc:t1179
data:9;154;0.417536020279;3 3 4.5 7
tc:t118
data:13;149;0.286099910736;3
3
3
4.
11
6
tc:t1186
data:20;228;0.804841995239;12 3 3 21 3 7 4.35 6
tc:t1188
data:9;191;1.45187997818;3 33 4. 7
tc:t1198
data:12;142;0.307816028595;3 21 3 4.5 7
tc:t1200
data:12;175;0.462543964386;3 3 34 4.5 7
tc:t1205
data:14;252;1.2051179409;3 3 2 2. 4.5 7
tc:t1208
data:9;182;0.328606128693;3 3 4.5 7
tc:t1214
data:12;218;1.05640292168;3 3 11 4.5 7
tc:t1216
data:14;271;0.765239953995;3 2 2. 3 4.5 7
tc:t1229
data:14;184;0.658143043518;3 3 11 3 4.7 7
tc:t123
data:9;106;0.175935029984;3
3
4.6
6
tc:t1234
data:15;537;2.93704199791;3
2 2. 3 3
4. 7
tc:t1245
data:25;330;0.782027006149;22 3 22 3 22 3
4.4 2 1. 7
tc:t1253
data:13;235;1.03894782066;3
3
3 7 4.4 6
tc:t1260
data:15;279;0.699944972992;12 3 31 3
4.6 7
tc:t1261
data:14;177;0.299676895142;3 3 4.6 2 2. 7
tc:t1272
data:18;171;0.296674013138;11 3 2 2 7 3
4.5 7
tc:t1275
data:9;152;0.297240972519;3 3 4.5 7
tc:t1284
data:12;317;0.556182146072;11 3 3 4.6 7
tc:t1290
data:18;245;0.558829784393;3 3 3 2 2
2 4.39 7
tc:t1292
data:12;132;0.481308937073;3 3 24 4.6 7
tc:t1295
data:12;151;0.26136302948;3 3 13 4.5 7
tc:t1304
data:20;358;1.38711690903;11 3 3 34 3 22 4.4 7
tc:t1310
data:9;106;0.181133031845;3 3
4.6 7
tc:t1316
data:19;211;0.449903011322;3 3
11 3 4.7 2 2. 7
tc:t1320
data:13;356;0.706866025925;3 3 3 4. 4. 7
tc:t1341
data:9;128;0.221905946732;3 3 4.5 7
tc:t1347
data:14;226;0.381761074066;31 3 3 3 4.4 7
tc:t1350
data:9;131;0.240449905396;3 3 4.6 7
tc:t1357
data:9;136;0.237262010574;3 3
4.5 7
tc:t1371
data:12;190;0.336284160614;3 3 21 4.6 7
tc:t1434
data:14;143;0.243043899536;3
3
3
7
4.38
6
tc:t1445
data:14;199;0.865703821182;3
6
34
3
4.6
6
tc:t1455
data:14;143;0.334771156311;3
3
3
7
4.38
6
tc:t1465
data:9;122;0.345079183578;3
3
4.5
6
tc:t1480
data:12;169;0.290596008301;3
34
3
4.5
7
tc:t154
data:20;217;0.645473003387;3
11
3
3
2 2.
4.69
7
tc:t155
data:17;214;1.42582988739;11
3
3
2 2.
4.6
7
tc:t1559
data:12;113;0.292716026306;3
3
3
4.39
7
tc:t1562
data:18;153;0.581337928772;41
3
3
3
3
3
4.2
6
tc:t1572
data:23;359;0.663554191589;3

4.
2 1.
3
228
4 0. 7
tc:t166
data:12;206;0.374660968781;3
11
3
4.5
7
tc:t168
data:14;187;1.27869701385;3
11
3
3
4.7
6
tc:t1703
data:18;264;0.452078104019;2 3
3 3 2. 3 4.6 7
tc:t179
data:17;247;0.426241874695;3
11
3
2 2.
4.6
7
tc:t18
data:15;221;0.445998191833;3
2 3.


3
4.
7
tc:t186
data:12;294;1.63500905037;
3
4.
3
4.
7
tc:t1868
data:8;173;0.299533128738;3 7 4.
6
tc:t1869
data:16;218;0.392776966095;3
7
1 2
3
4 .
6 
tc:t1874
data:14;239;0.428446054459;3 3 12
3 4.4
6
tc:t1891
data:13;268;0.578630924225;3
3
43 3 4.
7
tc:t1892
data:9;177;0.319643974304;3
3
4.5
7
tc:t1907
data:12;166;0.282265901566;3
3 13
4.6
7
tc:t1909
data:9;131;0.227715015411;3 3
4.5
6
tc:t1913
data:26;343;1.14659690857;13
3
3
12 3
11
2 1 4 4.7
7
tc:t1917
data:13;174;0.564363002777;3
3
3
3
4.3
7
tc:t1919
data:16;252;1.0421860218;3 3
2 2. 3 4.7
7
tc:t1934
data:10;209;0.357053995132;3
3 3 4.
7
tc:t1942
data:18;297;1.62470984459;3
11 3 2 1
4
4.6
7
tc:t1950
data:34;493;1.99834299088;7
1 2 3
1 1
3
1 3
1 3
6 2.
4.5
3
6
tc:t1954
data:11;307;1.58620405197;3
3 3
4.4
7
tc:t1966
data:17;335;2.16688299179;11
3
3
12 3 4.4
6
tc:t1971
data:9;112;0.340794086456;3 3
4 .
7
tc:t1986
data:12;280;0.854523897171;3 3 22
4.6
7
tc:t20
data:9;110;0.37566113472;3
3
4.6
7
tc:t2002
data:14;135;0.992130041122;3
3 6
4. 
6 6 
tc:t2007
data:9;171;0.69890999794;3
3
4.5
7
tc:t2018
data:11;130;0.955452919006;3 3 4 .  
6
tc:t2031
data:11;188;1.08076786995;3 3 3
4.7
7
tc:t2051
data:11;127;0.800696849823;3 3 3 4.4
7
tc:t2064
data:16;167;1.24286413193;3 3 3 3
7
4.26
6
tc:t2066
data:14;216;0.798022031784;3 3 11 3 4.4
7
tc:t2074
data:14;182;0.826357126236;3 2 1.
3
4.5
7
tc:t2089
data:9;123;0.32620382309;3 3 4.6
7
tc:t2128
data:12;159;0.757050991058;3 3 13
4.5
7
tc:t2138
data:18;271;0.563103914261;22 3
7
1 3
3
4.6
6
tc:t2145
data:20;324;0.729135036469;3 13 3
7
1 3
4.6
3
6
tc:t215
data:14;241;0.946320056915;3
3
2 2.
4.6
7
tc:t2155
data:26;410;1.39345693588;3
2 2.
3
3 11
27
2 .
439
7
tc:t2157
data:17;177;0.83469414711;3 2 1.
3
3
4.36
7
tc:t2163
data:12;200;0.604335069656;3 13
3
4.5 7
tc:t2170
data:7;134;0.850960016251;3
 4.
7
tc:t2178
data:30;497;1.65036606789;3
3
22
7 1 2
1 3
3 3 4.9
4.7
6
tc:t2185
data:9;129;0.481058120728;3
3
4.5
7
tc:t2186
data:9;135;0.90126490593;3
3
4.5
7
tc:t2193
data:16;221;1.15129995346;3 3 3 3
11
4.3
6
tc:t22
data:12;156;0.647177934647;3

3
4.
11
6
tc:t2201
data:20;253;1.0078060627;2 2.
3
12

4  0.51
7
tc:t2226
data:12;233;0.962861061096;3 11
3
4.6
7
tc:t223
data:9;110;0.174306154251;3
3
4.6
7
tc:t2232
data:15;401;1.36095094681;11
3
12
3 4.6
6
tc:t2235
data:11;188;0.503008127213;3
3
3
4.7
7
tc:t2242
data:14;280;0.910369873047;3 2 2.
3 4.4
7
tc:t2246
data:14;185;0.684511899948;3
3
7 11
4.6
6
tc:t2273
data:12;141;0.672703027725;3 3 3 4.38 7
tc:t2274
data:18;254;0.948377847672;11 3
3
2 2 3
4.5
7
tc:t2280
data:9;125;0.703200101852;3
3
4.5
7
tc:t2289
data:12;283;0.530300855637;3
13
3
4.5
7
tc:t2292
data:13;226;0.489526987076;3
3
3
6
4.7
6
tc:t2293
data:18;325;1.3263130188;3
11
7
1 3 3 4.6
6
tc:t2301
data:16;208;0.365118026733;3 3
3
6
3 4.76
6
tc:t2310
data:9;200;0.442444086075;3 3
4.6
7
tc:t2316
data:12;162;1.02013802528;11
3
3
4.6
7
tc:t2317
data:9;212;1.64436483383;3
3
4.5 7
tc:t2320
data:11;180;1.2514359951;3
3
3
4.4
7
tc:t2322
data:12;207;0.683215856552;3 3 322
4.
6
tc:t2348
data:22;376;2.31247591972;7
1 1
22
3 1 2
3
4.5
6
tc:t2361
data:16;228;1.66870284081;1 1
3
3
4.5
2.
7
tc:t2425
data:14;160;1.04276895523;3 11
3 3
4.7
7
tc:t2469
data:11;182;1.35686993599;3 3 3
4.4
7
tc:t2556
data:9;174;1.35823702812;3 3 4.6 7
tc:t2557
data:15;207;1.09464597702;13 3 31 3
4.6 7
tc:t2558
data:15;225;1.64453220367;3 3
3
11 4.35 7
tc:t256
data:13;108;0.751464128494;1 3
3
3
4.6
6
tc:t2562
data:17;205;1.66370201111;3 3 2 2 4 3 4.4 7
tc:t2590
data:11;146;0.46453499794;3 3
3
4.7
7
tc:t2591
data:19;190;1.43472909927;3 1 1 1 1
3 3
4.7
7
tc:t2595
data:15;219;1.69066500664;31 3
3
3
4.69
7
tc:t260
data:9;292;2.35739302635;3
3
4.5
7
tc:t261
data:12;206;1.49584293365;3
11
3
4.5
7
tc:t2618
data:12;133;0.97462105751;3
3
3
4.39
6
tc:t2619
data:16;208;1.40893483162;3
3
6
3
4.39
6
6
tc:t262
data:20;201;1.59135985374;3
11
3
3
2 2 .
4.9
7
tc:t2622
data:11;116;0.791827201843;3
3
6
4.5
6
tc:t2629
data:20;318;2.68122291565;
3
3
11

4.
4 0.7
7
tc:t2645
data:14;126;0.775048017502;3
3
4.6
2 1.
6
tc:t34
data:19;218;1.69688391685;33
2 3.
3
3
3
4.4
6
tc:t36
data:19;210;1.58188509941;33
2 3.
3
3
3
4.4
7
tc:t56
data:14;182;1.38296198845;3
11
3
3
4.7
6
tc:t6
data:12;206;1.37533998489;3
11
3
4.5
7
tc:t614
data:15;309;2.47688412666;3 31 3 21
4.5 7
tc:t617
data:19;221;1.73386001587;3 3 2 1. 3 3 4.26 7
tc:t620
data:14;168;0.966871023178;3 11 3 7 4.6 6
tc:t623
data:25;297;2.32471489906;3 3 7 2 2. 1 2 2. 3
4.4 6
tc:t635
data:22;347;2.88270688057;3
12 3 3 2 1. 4.4 2. 7
tc:t645
data:15;284;1.89025998116;11
3
24 3 4.5 6
tc:t660
data:9;140;0.952975988388;3 3 4.5 7
tc:t669
data:15;229;1.75363898277;33 11 3
4. 4. 6
tc:t68
data:20;220;1.67343211174;3
3
2 3.
3
3
3
4.4
6
tc:t681
data:12;165;1.21172404289;3
3 3 4.69 7
tc:t683
data:9;212;1.69155192375;3
3
4.6 7
tc:t688
data:15;184;1.36100888252;3 11 3 34 4.5 7
tc:t726
data:12;302;2.35672283173;22 3 3 4.5 7
tc:t73
data:12;206;1.684248209;3
11
3
4.5
7
tc:t731
data:17;226;1.7503490448;3 11
3 22 3 4.4
6
tc:t742
data:9;102;0.705703020096;3 3 4.6 7
tc:t743
data:11;221;1.5429019928;3312 3
4. 7
tc:t78
data:10;346;2.90876197815;
3

4.
 7
tc:t782
data:29;343;2.9137969017; 2 1 . 1 2 3
01 3
 
 
4 0. 7
tc:t784
data:17;189;1.46678304672;13 3
11
3 3 4.7 7
tc:t788
data:21;305;2.46127104759;11 3 3 11 3 22 4.68 7
tc:t793
data:12;176;1.45125889778;4. 3 3 4.6 7
tc:t794
data:9;158;1.18301796913;3 3 4.6 6
tc:t819
data:22;451;3.99546504021;21 311 3  12 4. 4 60 7
tc:t825
data:14;295;2.46792507172;3 12 3 3 4.4 7
tc:t829
data:17;178;1.35276603699;3 11 3 3 3 4.28
7
tc:t83
data:11;148;1.07589292526;3
3
3
4.4
7
tc:t848
data:17;195;1.50601601601;3 2 1. 3 3 4.38 7
tc:t849
data:9;83;0.554833173752;3
3 4.5 7
tc:t850
data:18;282;2.42725992203;3 3 11 3 3 3 4.6 7
tc:t855
data:9;137;1.09040999413;3 3 4.5 7
tc:t86
data:19;297;2.51847887039;3
3
 3

4.
4 0.7
7
tc:t866
data:14;160;1.11371397972;3 3 11 3 4.4 7
tc:t872
data:18;280;2.31120610237;12 3 3 2 2 3 4.5 7
tc:t879
data:13;145;1.06077504158;3
12 3 7 4. 6
tc:t883
data:15;302;2.54018092155;21 3 3 3 4.36 7
tc:t885
data:19;211;1.71022605896;3
3 
3  3
 4. 7
 7
tc:t895
data:14;263;2.13188910484;12 3 3 7 4.5 6
tc:t896
data:17;219;1.71673989296;3 21 3 3 11 4.7 7
tc:t903
data:9;116;0.870988130569;3 3 4.6
7
tc:t904
data:23;250;1.93418598175;3 3 3 2 1. 3 3 3 4.39 6
tc:t917
data:9;98;0.680315971375;3 3 4.5 7
tc:t921
data:14;301;2.17933106422;21
3 3 22 4. 6
tc:t927
data:11;132;0.796103000641;3 3 3 4.4 7
tc:t932
data:13;196;1.49378395081;3 1 1 3 4.5 7
tc:t933
data:14;235;1.80136704445;3 11 3
3 4.4 7
tc:t939
data:9;122;0.802138090134;3 3 4.5
7
tc:t947
data:9;224;1.75046181679;3 3
4.6 7
tc:t955
data:15;210;1.62416815758;3 3 3 24 4.35 7
tc:t967
data:13;180;1.41435289383;3 3 2 1. 4. 7
tc:t969
data:10;256;2.06965303421;3 1 3
4. 7
tc:t997
data:15;174;1.27742815018;3 3 41 3 4.39 7
version3
tc:t100
data:8;78;0.276787042618;2 2.69
7
tc:t1009
data:14;216;1.84159207344;2 1 0 2 2.64 7
tc:t1026
data:8;153;1.12974286079;2 2.99
7
tc:t1038
data:17;194;1.46152186394;2 2.97 5 5 5 12 6
tc:t1063
data:10;97;0.68449306488;1 2 2.33 7
tc:t107
data:10;159;1.14568209648;2 2.97
5
7
tc:t1071
data:7;93;0.638612031937;2 1.3 7
tc:t1084
data:12;109;0.785562992096;2 1.98 1 2 7
tc:t1090
data:7;107;0.718071937561;2 2.3 7
tc:t1114
data:11;113;0.79638004303;47 2 2.99 7
tc:t1115
data:10;158;1.14773488045;1 1 2.24 7
tc:t1123
data:18;211;1.59125614166;41 1 2 2.98 3 4. 7
tc:t1130
data:8;91;0.642352104187;2 1.98 7
tc:t1133
data:10;119;0.805902957916;1 2 2.18 7
tc:t1135
data:14;190;1.45796394348;2 1 0 2 2.16 7
tc:t1136
data:8;104;0.715594053268;2 1.98 7
tc:t1147
data:8;94;0.61753988266;2 1.39
7
tc:t1158
data:12;176;1.29764080048;2 1.99 1 2 7
tc:t1163
data:8;89;0.552998065948;2 1.74 7
tc:t1168
data:15;156;1.10353899002;1 1 2.98
2 2. 7
tc:t1170
data:20;216;1.65085911751;2 1 0 2 2.94 3 4 0 7
tc:t118
data:8;133;0.922956943512;2 2.99
7
tc:t1189
data:23;312;2.35667490959;2 1 4 1 3 2 2.94 5 22 7
tc:t119
data:8;63;0.445719003677;2 1.49
7
tc:t120
data:9;84;0.565081119537;2 1.614
6
tc:t1238
data:10;106;0.717110157013;1 2 2.64 7
tc:t1242
data:21;224;1.65849399567;3 6 11 2 1 0 2 2.24 7
tc:t1249
data:8;79;0.52584695816;2 2.98 7
tc:t1261
data:19;252;1.94942307472;7 1 1 2.91 1 2 11 7
tc:t1269
data:8;131;0.980144023895;2 2.73 7
tc:t1281
data:8;159;1.13687896729;2 1.99 7
tc:t1282
data:10;107;0.814362049103;3 2 1.46
7
tc:t1309
data:10;152;1.10432505608;1 1 2.99
7
tc:t1315
data:8;120;0.926230192184;2 1.98 7
tc:t1328
data:11;142;0.829072952271;22 2 2.99 7
tc:t1334
data:10;86;0.581012010574;3 2 2.23 6
tc:t1342
data:8;107;0.710776090622;2 2.39 7
tc:t1350
data:8;79;0.526590108871;2 2.99
7
tc:t1351
data:12;99;0.675546169281;2 1 0 2.49 7
tc:t1356
data:14;154;1.14920091629;1 1 1 1 2.83 7
tc:t1358
data:11;161;1.17456316948;2 1.46
2. 7
tc:t136
data:9;86;0.540957927704;2 2.328
7
tc:t1361
data:8;117;0.833719015121;2 2.99 7
tc:t1367
data:12;123;0.838856935501;2 2 0 2.49 7
tc:t1381
data:11;130;0.9446849823;22 2 1.64
7
tc:t1390
data:30;404;3.46139979362;7
1 2 1 3 1 3 6 2 2.99 3 1 3
6
tc:t1399
data:11;208;1.65812397003;2 1. 2.33 7
tc:t159
data:17;194;1.44403100014;6
2 2.416
6
5
6
6
tc:t1696
data:12;176;1.34710884094;2 1.99 1 2 7
tc:t1697
data:8;93;0.591703176498;2 2.79 7
tc:t1706
data:12;176;1.3349571228;2 1.99 1 2 7
tc:t1758
data:12;176;1.26281499863;2 1.99 1 2 7
tc:t1874
data:19;224;1.71794700623;7 12
1 1
2.92
1 2 7
tc:t1880
data:16;237;1.88424110413;2 1.
1
2 2.546
7
tc:t1884
data:8;88;0.706737041473;2 1.74
7
tc:t1914
data:16;196;1.51111006737;7
1 1
2.92
1 2
6
tc:t1919
data:18;262;1.9020318985;2 1.
2.
2 1 .18
7 
tc:t1944
data:8;111;0.785989999771;2 1.73
7
tc:t1950
data:8;88;0.653166055679;2 1.83
7
tc:t1978
data:9;105;0.732151031494;2 2.588 7
tc:t1993
data:12;181;1.20985102654;2 2 7
2.96 7
tc:t2000
data:8;73;0.489238023758;2 1.97
7
tc:t2003
data:8;89;0.657853841782;2 1.98
7
tc:t2005
data:7;79;0.520153045654;2 1.1
7
tc:t2006
data:14;148;1.09030604362;2 1.24
2 2 4
7
tc:t2014
data:8;105;0.736762046814;2 1.96
7
tc:t2021
data:10;126;0.919013023376;1 1 2.49
7
tc:t2023
data:8;85;0.633337974548;2 2.98
7
tc:t2036
data:8;81;0.543745994568;2 2.13
7
tc:t2042
data:8;96;0.667675971985;2 2.99
7
tc:t2060
data:9;111;0.887938022614;2 2.788
7
tc:t2076
data:8;81;0.536159038544;2 1.96
7
tc:t2083
data:29;347;2.87479805946;6 2 2.23
3 6 3
3
41 3
3
5
6
6
tc:t2108
data:20;289;2.3792951107;7
1 2
1 2
13 2.455
7
tc:t2128
data:16;292;1.85923504829;7 1 1
1 1
2.99
6
tc:t2148
data:8;106;0.734949111938;2 1.98
7
tc:t2170
data:8;74;0.509159088135;2 1.23
7
tc:t2178
data:8;98;0.689845085144;2 1.48
7
tc:t2190
data:12;235;1.91769981384;2 1.
2.986
7
tc:t2201
data:8;129;0.981711149216;2 1.99
7
tc:t2203
data:9;105;0.775355815887;2 2.895
7
tc:t2205
data:8;81;0.57709813118;2 2.47
7
tc:t2222
data:10;114;0.794112205505;1 2
2.74
7
tc:t2227
data:8;88;0.596709012985;2 2.12
7
tc:t2228
data:7;134;1.05336809158;2 2.1
7
tc:t2230
data:9;107;0.869437932968;2 1.976
7
tc:t224
data:8;63;0.407794952393;2 1.49
7
tc:t2291
data:10;108;0.816933870316;1 1
2.96
7
tc:t2292
data:27;301;2.53625202179;1 2
1 2
1 2 2.749
6
5
5
5
6
tc:t2297
data:14;122;0.920816898346;1 1
1 1
2.77
7
tc:t2310
data:8;100;0.731709003448;2 1.66
7
tc:t2346
data:36;388;3.30962395668;3
1 2
3 11
2.
2 2 .54
2 2 2 
3  5 6 
tc:t2360
data:8;168;1.28880000114;2 2.98
7
tc:t2361
data:39;401;3.45996594429;2 1.
2.
2  2 0.
2  1 0.5
2 .5
2  2 0.
7
tc:t239
data:8;103;0.70479798317;2 1.74
7
tc:t2424
data:8;116;0.765660047531;2 1.74
7
tc:t246
data:26;237;1.86931610107;6
11
2 2.416 3
3
6
5
6
6
6
tc:t2554
data:19;276;2.21873998642;1 2 2 1. 1 2 2.24 7
tc:t2555
data:18;267;2.17334008217;2 3
6 1 1 2.3 2. 7
tc:t2559
data:12;176;1.36560297012;2 1.99 1 2 7
tc:t2620
data:10;133;0.955023050308;2 2.3
2.
7
tc:t307
data:8;69;0.431454896927;2 2.99 6
tc:t31
data:18;205;1.35127711296;6
3
6
1 2
6
2.39
7
tc:t357
data:8;90;0.723128080368;2 2.99
6
tc:t399
data:14;115;0.818213939667;1 2 1 2 2.99 6
tc:t412
data:14;115;0.814152002335;1 2 1 2 2.99 6
tc:t445
data:8;69;0.434329986572;2 2.99 6
tc:t446
data:14;108;0.584422111511;1 2 1 2 2.99
6
tc:t451
data:14;115;0.685970067978;1 2 1 2 2.99 6
tc:t461
data:8;90;0.560667991638;2 2.99
6
tc:t470
data:14;115;0.762605190277;1 2 1 2 2.99 6
tc:t501
data:14;115;0.771924972534;1 2 1 2 2.99 6
tc:t504
data:10;94;0.632009983063;1 2 2.99
6
tc:t554
data:8;90;0.597512960434;2 2.99
6
tc:t571
data:8;90;0.566586017609;2 2.99
6
tc:t577
data:14;115;0.805701971054;1 2 1 2 2.99 6
tc:t589
data:14;115;0.808151006699;1 2 1 2 2.99 6
tc:t603
data:14;188;1.43121814728;1 1 1 1
2.49 7
tc:t616
data:16;311;2.57876300812;7
1 2 1 2 2.48 6
tc:t622
data:10;192;1.40692901611;1 2 2.97 7
tc:t631
data:7;77;0.497802019119;2 2.3 7
tc:t652
data:14;155;1.13671398163;1 2 1 2 2.83
7
tc:t653
data:16;250;2.04446005821;7 1 2 1 2 2.46 7
tc:t662
data:8;85;0.405441999435;2 2.74 7
tc:t676
data:12;144;1.05824494362;2 2 0 2.65 7
tc:t706
data:19;182;1.37855696678;2 2. 2 1 0 2 2.23 7
tc:t710
data:17;266;1.97206187248;2 2. 1 2 2 2.4 7
tc:t713
data:7;101;0.692100048065;2 1.3 7
tc:t734
data:8;155;1.1194858551;2 1.48 7
tc:t738
data:16;166;1.23419690132;2 1. 2.
 2 .73 7
tc:t746
data:7;74;0.474606990814;2 2.3
7
tc:t764
data:8;56;0.331460952759;2 2.39 7
tc:t773
data:13;165;1.28112006187;12 2 1.
2.2
7
tc:t775
data:8;95;0.658796072006;2 2.98
7
tc:t788
data:15;252;1.96692204475;22 2 1. 2 2.6 7
tc:t792
data:8;58;0.348001003265;2 2.49 7
tc:t814
data:8;103;0.718585968018;2 1.98 7
tc:t825
data:8;113;0.812107086182;2 1.98 7
tc:t835
data:19;263;2.04738903046;1 2 2 1. 2 2. 2.3 7
tc:t836
data:10;110;0.76531791687;2 2. 2.3 7
tc:t837
data:10;93;0.62328004837;2 2.97 5 7
tc:t852
data:8;98;0.672428131104;2 1.99 7
tc:t871
data:12;115;0.825213909149;2 2 6 2.97 7
tc:t874
data:8;82;0.567025899887;2 2.48 7
tc:t876
data:8;96;0.659059047699;2 1.98 7
tc:t878
data:19;292;2.32119011879;11 7 1 1 1 1
2.97
6
tc:t88
data:8;103;0.681335926056;2 1.74
7
tc:t880
data:12;115;0.813487052917;2 1.98
1 2
7
tc:t886
data:8;133;0.999946117401;2 1.23 7
tc:t905
data:8;70;0.453905105591;2 1.39 7
tc:t923
data:10;132;0.954524993896;1 1 2.73 7
tc:t927
data:8;112;0.831708908081;2 2.65
7
tc:t928
data:14;122;0.872428894043;2 1 0 2 2.82 7
tc:t933
data:8;75;0.510148048401;2 2.46
7
tc:t940
data:10;125;0.921643018723;1 1 2.64 7
tc:t963
data:32;413;3.51918792725;2 2. 3 7 1 1 4. 12 2  .946  2. 6
tc:t967
data:13;128;0.982366085052;1 1 42 2.79 7
tc:t976
data:33;478;3.91710782051;
1 1
 2 . 
 223
1 1
 2 1 0.91

 7
tc:t977
data:9;84;0.656993865967;1 1 2.3 7
version4
tc:t100
data:16;252;1.72828197479;3
7
1 1
2.
4 0
7
tc:t1000
data:13;146;1.15777111053;1 2
2 2 0 5 7
tc:t1003
data:17;227;1.77728199959;2 1. 2 2. 5 5 5 6
tc:t1005
data:19;188;1.46877193451;7
1 2 1 3 2 2 0 5 7
tc:t1006
data:28;349;2.84191894531;7 2 2 2 1 1 1 2 47 2 1 0 5 7
tc:t1009
data:22;339;2.79420304298;2 1 0 12 2. 2. 2 2.5 7
tc:t1010
data:25;304;2.41807103157;21 7
1 1
1 2 2 1 0 3 4. 7
tc:t1015
data:16;310;2.36104893684;1 1 2.
1 1 2.8 7
tc:t1027
data:19;210;1.60170602798;7 1 3 1 2 3 2. 4. 7
tc:t1032
data:8;122;0.891498088837;2 2. 5 7
tc:t1033
data:11;154;1.13947296143;2 2. 2. 5
7
tc:t1042
data:26;359;2.94192314148;12
621 66 2 1 . 6 2  . 5 7
tc:t1047
data:12;123;0.754917144775;2 2. 3 4 0 7
tc:t1048
data:15;275;1.76384210587;2 1. 3 2 . 4. 6
tc:t105
data:16;291;2.4161529541;3 7
1 2
4. 2.5
6
tc:t1057
data:14;234;1.86057400703;3
2 2. 2. 4. 7
tc:t1059
data:13;191;1.4207110405;2 1. 2 2. 5 7
tc:t1061
data:12;156;1.18957781792;1 1 2.
1 2 7
tc:t1062
data:19;321;2.56126117706;  3
1 1 2. 2 2. 5 7
tc:t1064
data:24;232;1.82216501236;2 2 1 2 1 0 2 2 0 5 12
7
tc:t107
data:8;147;1.1024711132;2 2.
5
7
tc:t1071
data:15;264;2.11459803581;2 1 .  2. 1 2 7
tc:t1084
data:16;195;1.26179003716;22 2 1. 1 2 11 7
tc:t1092
data:19;270;2.16776394844;2 1. 2 1 0 2. 1 2 7
tc:t1111
data:10;144;1.04674601555;2 2. 5
3 6
tc:t1112
data:27;284;2.26535701752;2 2 0 5 3 7 4 0 13 2. 1 3 7
tc:t1115
data:18;239;1.9004380703;7
1 1 1 2 2 1. 5 7
tc:t1116
data:10;104;0.7123670578;2 1. 3 5 7
tc:t1117
data:13;149;1.10218381882;1 2 2 2 0 5 7
tc:t1123
data:16;191;1.46524882317;41 1
2 2. 3 4. 7
tc:t1124
data:10;126;0.717017889023;2 2. 1 3 7
tc:t1128
data:8;81;0.539124965668;2 2. 5 7
tc:t1130
data:18;295;2.28859710693;3 4. 1 2 2. 3 4. 7
tc:t1135
data:48;644;5.03891587257;2 2 . 4
  11
 3
   1 3
 2 .16 4 85
 2 2 0. 5
 7
tc:t1144
data:13;144;1.17318296432;1 2 2 2 0 5 7
tc:t1146
data:16;261;2.04263091087;3 7
1 2 4. 2.5 7
tc:t1147
data:35;780;5.37445402145;2 1 .
3 2  .89 2.98 21 0 
4 0
4.
7
tc:t1148
data:8;104;0.75833106041;2 2. 5
7
tc:t1150
data:27;306;2.4259018898;2 2. 2 1.  12 2 1 . 3 5 5 7
tc:t1158
data:11;118;0.787781953812;2 1 0 1 2 7
tc:t1168
data:14;151;1.11211705208;1 1 2.
2 2.8 7
tc:t1169
data:16;165;1.22616696358;2 1. 2 2 0 1 3 7
tc:t1170
data:18;207;1.56000900269;2 1 0 2 2. 3 4 0 7
tc:t1177
data:21;251;1.98182821274;2 1 0 2 1 0 2. 3 4. 7
tc:t1182
data:18;164;1.06420588493;3 2 2 0 2. 6 1 3 6
tc:t1184
data:11;87;0.580465078354;2 1 0 1 2 7
tc:t1185
data:25;304;2.49346113205;2 2. 7 1 1
12 2 1 0 1 2 7
tc:t1205
data:13;385;2.98946213722;2 2. 2. 1 3 7
tc:t1208
data:17;310;2.45097708702;2 1.
2. 2. 2 .6 7
tc:t1211
data:23;298;2.40732502937; 3 3 22 1 
2 2 . 4 0. 7
tc:t1213
data:11;127;0.923163175583;2 2. 3
4. 7
tc:t1215
data:10;109;0.754969120026;2 2. 1 3 7
tc:t1220
data:10;119;0.842679977417;2 1. 1 2 7
tc:t1221
data:16;189;1.44664382935;2 1 0 2. 2 2.8 7
tc:t1223
data:22;317;2.83863902092;7 1 2 1 3 4. 2 2 0 5 7
tc:t1233
data:20;245;1.87352705002;13 2 2.
2 2 0 5 11 7
tc:t1234
data:22;312;2.26543283463;7 2 2. 1 1 12 2. 1 2 7
tc:t1235
data:10;186;1.45803999901;2 1. 1 2
7
tc:t1238
data:20;266;1.44920921326;7
 3 1 2 3  2 . 4. 7
tc:t1242
data:15;217;1.65603089333;22 2 1 0 2. 5 7
tc:t1249
data:19;188;1.4598338604;71 2
 2. 1 3
2 .5 7
tc:t1253
data:16;298;2.50021505356;721
1 2 2. 1 3 7
tc:t1256
data:18;322;2.06627511978;3 7 1 2 4. 220 5 6
tc:t1258
data:25;358;2.87940716743;11 3 7 1 2 4 0 2. 3 4 0 7
tc:t1259
data:20;232;1.87580680847;7 1 1 2. 2 2 6
1 2
7
tc:t1260
data:13;186;1.40667510033;1 1 2 . 1 2
7
tc:t1261
data:20;254;2.05243778229;1 1 2. 1 2
 1 1
41 7
tc:t1271
data:10;107;0.755666017532;1 2 2. 5 7
tc:t1272
data:23;213;1.61357212067;1 1 3 2 2 7 3 2 1.4 5 7
tc:t1274
data:10;98;0.675289154053;2 1. 1 2 7
tc:t1279
data:18;295;2.41893100739;1 2 1 1 2. 2 2.7 7
tc:t1281
data:40;644;6.05556201935;2 2. 6 5 
  2.89
40 7
 249 4.1 24 2 7
7
tc:t1291
data:12;153;1.0604031086;1 1
2. 1 2 7
tc:t1292
data:14;154;1.00496912003;2 1. 2 2 0 5 7
tc:t1295
data:8;106;0.752341032028;2 2. 5 7
tc:t1301
data:13;184;1.40375995636;2 1. 2 2. 5 7
tc:t1303
data:13;135;0.972279071808;2 1. 2 2. 5 7
tc:t1304
data:17;268;2.15713095665;7 1 1
43 2. 1 2 7
tc:t1305
data:26;412;3.48209691048;7 1 1 2. 1 1
2. 2 2.8 2. 7
tc:t1310
data:10;130;0.895839929581;2 1. 1 2 7
tc:t1318
data:19;244;1.73425316811;2 2. 12 2 . 2 2.7 7
tc:t1321
data:22;241;1.95271801949;7 1 2 1 3
3 2 2. 4 0 7
tc:t1324
data:17;192;1.35440087318;2 1. 3 2 1 0 4. 7
tc:t1328
data:16;164;1.22080087662;2 2 0 2. 3 4 0 7
tc:t1332
data:19;171;1.27831697464;7 1 3 1 2 2 2 0 5 7
tc:t1346
data:10;162;1.19485712051;2 1. 1 2 7
tc:t1350
data:27;293;2.36904883385;7 2 1. 1 2
13
3
2 2 . 4 . 7
tc:t1356
data:21;247;1.92811489105;7 1 1 2 1 0 1 1 2.8 7
tc:t1358
data:15;242;2.03242087364;2 1. 2. 2 2.9 7
tc:t1360
data:19;249;1.88761496544;2 2 0 3 2 2 0 4 0
7
tc:t1363
data:25;296;1.68850207329;12 7 1 2
3 11
2 1 . 4 . 7
tc:t1364
data:24;234;1.59419512749;2 1. 2 2 1 0
 2 2 0.8 7
tc:t1365
data:21;246;1.90745019913;1 1 2 2. 2 1.
2 2.8 7
tc:t1372
data:18;252;2.00003504753;1 2 1 1 2. 2 2.5 7
tc:t1375
data:16;244;1.9187078476;7
1 3 1 2 2. 5 7
tc:t1381
data:10;206;1.6366250515;1 2 2. 5
7
tc:t1385
data:18;139;0.798304080963;2 2 .
 2 2 3 1 3 7
tc:t1388
data:18;168;1.25471401215;7 1 2 1 3 2 2. 5 7
tc:t1390
data:23;390;2.85297703743;7 1 2 1 1 2 1 0 2 2.9 6
tc:t1392
data:14;162;1.26775884628;7 1 2 2. 1 3 7
tc:t16
data:24;333;2.68447589874;7
1 1
2.
2 2.
3
1 1
4.
6
tc:t1687
data:10;102;0.67945599556;2 2. 1 3 7
tc:t1688
data:13;174;1.32794904709;2 1. 2 2. 5
7
tc:t1689
data:10;115;0.8203561306;2 2. 1 3
7
tc:t1693
data:10;102;0.696125030518;2 2. 1 3 7
tc:t1694
data:26;279;2.19489002228;71 3 3 22 1 2
2 2 . 4 0
 7
tc:t1695
data:18;164;1.19464612007;3 2 2 0 2. 6 1 3 6
tc:t1696
data:11;124;0.881324052811;2 1. 1 2 7
tc:t1706
data:10;126;0.893481016159;2 1. 1 2 7
tc:t1712
data:8;99;0.681252002716;2 2. 5 6
tc:t1722
data:16;292;2.37299013138;1 2 2. 1 2 2.7 7
tc:t1745
data:13;168;1.25690793991;2 1. 2 2. 5
7
tc:t1746
data:22;314;2.53571200371;
1 3 3 22 1 2 2. 4 0 7
tc:t1747
data:18;164;1.22506093979;3 2 2 0 2. 6 1 3 6
tc:t1748
data:20;319;2.59446883202;3 21 1 1 3 2. 5
22 7
tc:t1751
data:8;93;0.364399909973;2 2. 5 7
tc:t1755
data:11;109;0.710445165634;2 2 0 5 3 6
tc:t1756
data:13;311;2.48411393166;2 2. 2. 1 3 7
tc:t1758
data:11;118;0.831116199493;2 1 0 1 2 7
tc:t1759
data:11;103;0.714082956314;2 2 0 1 3 7
tc:t178
data:10;163;1.21520709991;2 2.
1 3
7
tc:t18
data:15;307;2.34196400642;3 7
1 2
4. 2.
6
tc:t1869
data:24;382;3.00078296661;7
2 1 4
1 2 2.7
1 2 2.
7
tc:t1874
data:17;219;1.39864110947;7 12
1 1
2.
1 2 7
tc:t1883
data:17;318;2.42327094078;7
1 1 12
2.
1 2
7
tc:t1892
data:11;216;1.79071211815;3
2 2.
4.
7
tc:t1904
data:20;274;2.30583405495;7
1 2 2.
1 3
2 2 4
6
tc:t1905
data:17;183;1.3948829174;12
2 1.
6
6
6
5 7
tc:t1906
data:9;91;0.671924114227;2 2 0
5 7
tc:t1912
data:17;242;1.94175291061;7
1 2
13 2.
1 3
7
tc:t1921
data:11;162;1.23866605759;2 1 0
1 2 7
tc:t1923
data:13;140;1.01343297958;6 2 1.
3
4.
7
tc:t1924
data:25;250;1.79141902924;7
1 2
1 3
1 1
2 1 0
6
5
7
tc:t1928
data:30;494;4.3788459301;7 1 1 1 2
1 3
2 1.
3
2 1 5
5
6
tc:t1950
data:22;385;3.03433990479;12
7
42
1 2
1 1 2.
5 7
tc:t1958
data:31;365;3.16842794418;7 1 2
2 1 7
1 1
2 1 0
5 2 1 5
6
tc:t1960
data:18;280;2.37457585335;7
1 2
1 3
2 2.
5
6
tc:t1965
data:16;216;1.68480491638;7 1 3
1 2 2.
5
6
tc:t1981
data:14;177;1.38620996475;  2 2.
1  3 7 
tc:t1986
data:31;767;6.74145102501;6 2  2.
6 4 5 3    2 2 .
4 .3
7
tc:t1993
data:24;227;1.73523712158;2 2 7
2 1.9
6 11
6 3 5
7
tc:t1994
data:9;80;0.532793045044;2 2.
5 7 
tc:t2014
data:14;193;1.48014783859;2 1 0
2.
1 2 7
tc:t2020
data:13;226;1.77967095375;2 1.
2.
1 2
7
tc:t2029
data:21;335;2.8230509758;7
1 1 2.
1 3
2 2.
5
6
tc:t2031
data:12;177;1.16028499603;2 1.
2 2.8
7
tc:t2041
data:22;290;2.39880609512;7
1 2
1 3
2 2 0
3 4.
7
tc:t2047
data:21;305;2.41426920891;2 2 2
2 1.2
1 1
2.6
7
tc:t2050
data:11;131;0.945972919464;2 2.
5
11
7
tc:t2066
data:9;136;1.03583908081;2 2 0
5
7
tc:t2075
data:19;328;2.50238895416;7
21
1 3
1 2 2.
5
7
tc:t2087
data:19;267;2.13517618179;7 2 2.
1 2 2.
1 3
7
tc:t2104
data:17;217;1.7083799839;7
1 1
2 1 0
1 2
7
tc:t2120
data:15;201;1.56622409821;
1  1
2. 1 2 
7
tc:t2128
data:8;138;1.02859306335;2 2.
5
7
tc:t2148
data:21;324;2.61533308029;3
7 4 0
1 2 2.
5
12
6
tc:t2161
data:12;158;1.22575592995;2 1.
2 2.9
7
tc:t2182
data:22;272;2.28269219398;2 2 .
7
1 3 1 2
2.
 6 
tc:t2183
data:13;172;1.24017500877;2 2.
2.
1 3
7
tc:t2185
data:14;227;1.74351596832;7
1 1
2.
1 2
6
tc:t2191
data:19;273;2.1569070816;7
1 2
1 1
46 2.
5 6
tc:t2208
data:15;305;1.98049211502;7
1 1 2.7
1 2
7
tc:t2225
data:25;342;2.64429402351;7 1 1
2.
1 1
2 2 0
23
5
7
tc:t2242
data:14;231;1.16432499886;7 1 2 2.
1
3
6
tc:t2257
data:14;151;1.10650491714;2 1 0
6
11 5 7
tc:t2259
data:14;215;1.69150400162;7
1 1
2.
1 2 7
tc:t2263
data:14;154;1.04089283943;44
3
2 1 0
5
7
tc:t2274
data:15;271;2.3394370079;3 7 1 2 2.
4.
7
tc:t2275
data:11;114;0.772493124008;2 1 0 1 2
7
tc:t2278
data:18;291;2.35088586807;3 7
1
2 2.
4. 2.
6
tc:t2286
data:14;259;2.03228592873;7
1 1
2.
1 2
7
tc:t2288
data:22;352;2.91036915779;7
1 1
1 2
2 1.
2 2.8
7
tc:t2292
data:24;468;4.12254786491;7 2
1 2
1 2
2.7
1 3
12
7
tc:t2293
data:14;198;1.32299089432;7 1 1
2.
1 2
7
tc:t2298
data:11;178;1.30494999886;3 2 2.
4.
7
tc:t2304
data:8;122;0.906902074814;2 2.
5
7
tc:t2310
data:21;252;1.96587395668;2 2 .
2 2 02  2 .5 7 
tc:t2316
data:17;312;1.99884295464; 1  2 2 .
1  3 7 
tc:t2317
data:22;322;1.81213212013;7 1 1
1 2
3
2 1 0
4.
7
tc:t2320
data:16;255;2.07892584801; 13
12
2 2 .
5 7
tc:t2339
data:13;151;1.12540698051;2 1 0
2 2.4
7
tc:t2346
data:14;227;1.7128059864;7
1 1 2.
1 2
6
tc:t2353
data:17;294;2.44077801704;7 1 1 13 2.
1 2 7
tc:t2361
data:22;310;2.62469100952;7 1 2
1 3
2 2.
3
4 0
7
tc:t2420
data:13;154;1.08442997932;2 1. 2 2. 5 7
tc:t2421
data:13;154;1.08637285233;2 1. 2 2. 5 7
tc:t2424
data:13;189;1.41475486755;1 2
3
2.
4.
7
tc:t2461
data:14;172;1.28138709068;2 2 0
1 3
2.
7
tc:t252
data:24;333;2.63602209091;7
1 1
2.
2 2.
3
1 1
4.
6
tc:t2554
data:12;190;1.39184594154;2 1 0 2. 5 7
tc:t2555
data:16;221;1.68933010101;6 2 1 0 1 2 2. 7
tc:t2556
data:13;177;1.31953191757;2 1. 2 2. 5 7
tc:t2557
data:19;375;2.94953107834;7
12 1 3
1 2 2. 5 7
tc:t2559
data:10;126;0.935651063919;2 1. 1 2 7
tc:t2562
data:18;226;1.77227687836;2 2 0 2 1. 2 2.3 7
tc:t2567
data:21;272;1.95300507545;
 74 4 . 2 2. 6 1 3 6
tc:t2568
data:18;162;1.15742993355;2 1. 3 3 4 0 4 0 7
tc:t2573
data:12;141;1.02230501175;3 2 2. 4 0 7
tc:t2594
data:15;224;1.75821113586;3
71 2 2.
4 0
6
tc:t2642
data:27;370;3.09953808784;42
7
1 1
2.
2 2.
3
1 1
4.
6
tc:t34
data:17;277;2.36759901047;3 7
1 2
4. 2.
5
6
tc:t36
data:17;277;2.21324801445;3 7
1 2
4. 2.
5
6
tc:t46
data:21;188;1.47843885422;6
3
616
2 2 .
1 3

6
tc:t53
data:11;121;0.854449987411;2 1.
2.
5
7
tc:t610
data:23;306;1.99948191643;2 1. 2 2. 2 1 4 3 4 0 7
tc:t616
data:28;288;2.33627510071; 2 2. 1 3
 2 1 .
 2 1 0.4
 7
tc:t620
data:15;181;1.30509305;1 1 2 1 0 1 2 7
tc:t622
data:15;188;1.3701338768;2 2 0 47 5 24 7
tc:t631
data:18;241;1.61393022537;3 3 2 2 0 1 3 2. 7
tc:t636
data:14;221;1.71221184731;2 2. 3
2. 4. 7
tc:t637
data:13;325;2.46577095985;2 2. 2. 1 3 7
tc:t649
data:21;253;2.00986504555;7 1 2 2 2 0 1 2 2.7 7
tc:t651
data:11;109;0.760138988495;2 2 0 5 3 6
tc:t653
data:16;299;2.49460601807;7 1 2 1 1 2. 5
7
tc:t671
data:17;173;1.28607988358;1 2 2 1 0 2 2.7 7
tc:t676
data:17;276;2.17527103424;2 2. 2. 2. 2. 5 7
tc:t677
data:18;227;1.77537202835;7 1 2 1 3 2 2.
5 7
tc:t68
data:19;275;2.22707796097;3 7
1 2
4.
2 2 .

6
tc:t684
data:12;110;0.766714096069;2 1. 2 2.6 7
tc:t689
data:18;233;1.24468708038;1 1 2 1 0 1 2 11 7
tc:t694
data:12;146;0.901580095291;2 1.
2 2.5 7
tc:t700
data:18;203;1.57335710526;1 1 2.
2 2 1 1 2 7
tc:t702
data:17;253;1.33456611633;21 7
1 2
2. 1 3 6
tc:t706
data:16;304;2.60622286797;7 1 3 1 2 2. 5 7
tc:t718
data:22;255;2.01434016228;7 1 1
1 2 3 2 1. 4 0 7
tc:t719
data:13;109;0.717666864395;2 1 . 2 2.8 7
tc:t723
data:8;89;0.57618689537;2 2. 5 7
tc:t724
data:12;150;0.604683160782;2 1. 2 2.2 7
tc:t727
data:19;279;2.13526391983;2 1 0 2. 2. 2 2.8 7
tc:t738
data:22;309;2.60591006279;2 1. 2.
2 . 2 1. 2.5 7
tc:t742
data:10;145;1.06658816338;1 2 2. 5 7
tc:t743
data:11;93;0.629139900208;2 1 0 1 2 7
tc:t744
data:19;353;2.68087697029;7 1 2
1 1
3 2. 4. 7
tc:t748
data:10;116;0.849769830704;1 2 2. 5 7
tc:t759
data:19;214;1.62021183968;6 42 3 1 2 2.
4 0 6
tc:t77
data:23;326;2.3733651638;7
1 1
2.
2 2.
3
11
4.
6
tc:t772
data:26;320;2.27292895317; 1 1 1 1
2 . 2 2. 3
 4.0 7
tc:t781
data:18;313;2.60661196709;7 1 2 2.
1 2 2.9 7
tc:t782
data:17;202;1.5427441597; 1 2
 1 1
 2. 5 7
tc:t791
data:8;88;0.588835954666;2 2. 5 7
tc:t803
data:10;82;0.539543867111;2 2. 1 3 7
tc:t804
data:17;190;1.43368196487;7 1 1 2. 1 2 21 7
tc:t808
data:17;293;2.27385497093;11 7 1 1 2. 1 2 7
tc:t814
data:18;228;1.80462503433;7
1 2 1 3 2 2. 5 6
tc:t818
data:11;185;1.38575792313;2 2. 2. 5 7
tc:t821
data:12;224;1.71099495888;2 1. 2 2.7 7
tc:t824
data:22;209;1.58740282059;7 1 2 1 1 2 1 0 3 4. 7
tc:t829
data:16;145;1.05442690849;2 1 0 2. 2 2.7 7
tc:t830
data:22;257;2.00463986397;3 7
2 2 1 4.0 2. 1 3 7
tc:t832
data:12;117;0.821731090546;3 22 0 4 . 7
tc:t837
data:8;100;0.642384767532;2 2.
5 7
tc:t844
data:17;262;2.20284199715;12 
 1 2 2. 1 3 7
tc:t850
data:14;273;1.64384078979;7 1 1 2. 1 2 7
tc:t854
data:11;122;0.73818397522;2 2. 3 4. 7
tc:t866
data:15;154;1.14149689674;1 1 2 1 0 1 2
7
tc:t870
data:16;287;2.28474092484;42 1 1 2 . 1 2
7
tc:t872
data:15;180;1.34553313255;2 1 0 2 1 0
5 7
tc:t875
data:10;115;0.806505203247;2 2. 1 3 7
tc:t876
data:17;157;1.1974029541;2 1 0 2 1 0 1 2
7
tc:t879
data:14;186;1.3276219368;7 1 1 2. 1 2 7
tc:t880
data:8;104;0.735746860504;2 2. 5 7
tc:t881
data:19;187;1.41743397713;7 1 3 1 2 2 2 0
5 7
tc:t885
data:19;266;2.0155479908;7 1 2 1 3 2 2 0 5 7
tc:t886
data:18;315;2.56404495239; 1 1 13 2 1. 1 2
7
tc:t890
data:16;201;1.51606583595;1 2 2 1. 2 2.7 7
tc:t896
data:16;167;1.27527999878;2 1. 2 2 0 1 3 7
tc:t901
data:9;77;0.489989042282;2 2 0 5 7
tc:t903
data:10;237;1.89199304581;1 2 2. 5 7
tc:t904
data:31;384;2.62751698494;3 2 1. 6 33 2. 1 2
 3 2 1 0
 7
tc:t906
data:23;291;2.40339899063;7 1 2 41 1 1 2. 2 2.6 7
tc:t907
data:12;144;1.04798007011;2 2. 3 4 0 7
tc:t916
data:20;245;1.89878606796;7
1 1 2. 2 2 0 1 3 7
tc:t917
data:29;217;1.66488003731;2 1. 201
 2 1 0
 2 2 0.77
 7
tc:t919
data:20;263;2.05595684052;1 2 3 2. 2 2 7 4.3 7
tc:t920
data:24;332;2.7173371315;7 1 2 1 2 2. 2 2.5
2.5 7
tc:t921
data:15;215;1.7272040844;1 1 22 2. 1 2 7
tc:t923
data:35;394;3.23781299591;3 12 7 2 1. 4. 1 2 3 2 2 0 4 0 12 7
tc:t925
data:19;300;2.42870807648;7 1 1 2. 2 2. 1 3 7
tc:t927
data:38;415;3.50411701202;7 2 1 4 1 1 1 1 2.8 1 2 2 1 0 5 3 4. 7
tc:t928
data:15;123;0.847082853317;2 1 0
2 1 0 5 7
tc:t930
data:14;150;1.11408495903;7
1 2
2. 1 3 7
tc:t936
data:11;121;0.874831914902;2 1 0 1 2
7
tc:t942
data:10;88;0.599374771118;2 1. 1 2 7
tc:t954
data:16;219;1.734582901;7 1 2 1 1 2. 5 7
tc:t958
data:12;133;0.849949121475;3 2 2. 4 0 7
tc:t961
data:14;116;0.773104906082;3 2 2 0 41 5 6
tc:t963
data:29;457;3.85629916191;2 2 . 3 1 1 4. 12 2  . 6  2.8
tc:t964
data:11;230;1.72184491158;2 2. 2. 5 7
tc:t967
data:20;288;2.37797808647;7 22 1 2 2. 1 3 12 6
tc:t974
data:12;100;0.687350034714;3 2 2 0 4. 7
tc:t976
data:31;315;2.57636785507;2 2 . 3 1 1
 3
 1 3
 
 2
 1 0
7
tc:t982
data:32;268;2.13378095627;2 1 . 3 3 3
 21 97
 4 0.743
 7
 
tc:t992
data:17;275;2.25564813614;7 1 2
4. 2. 1 3
7
tc:t994
data:9;88;0.602168083191;2 1 0 5 7
version5
tc:t1934
data:5;48;0.773212909698;2 1 1
tc:t1985
data:5;37;0.745434045792;2 2 1
tc:t2399
data:7;48;0.534122228622;4 1 2
1
tc:t2411
data:7;28;0.30212187767;5 2 
1 
tc:t2413
data:7;48;0.538578987122;4 1 2
1
tc:t2440
data:5;44;0.65536904335;2 2 1
tc:t2441
data:5;44;0.65561914444;2 2 1
tc:t2442
data:12;66;0.560153007507;
1  2 
2  2 
tc:t2443
data:4;51;0.92019701004;
2 2
tc:t2444
data:4;27;0.502570152283;2 
2
tc:t2445
data:5;47;0.661781072617;2 2 1
tc:t2446
data:5;37;0.514870166779; 2  2
tc:t2447
data:12;63;0.490495920181; 
1  2  2 1.
tc:t2468
data:4;41;0.786357879639;2 2 
tc:t2476
data:4;31;0.634427070618;2
2 
tc:t2486
data:5;27;0.571465969086;2
2 7
tc:t2578
data:5;29;0.56924200058;2
1 1
tc:t2579
data:5;29;0.565342903137;2
1 1
tc:t2581
data:5;49;0.726730823517;2
2 5
tc:t2582
data:5;35;0.510870218277;2 2 1
tc:t2583
data:5;35;0.51246213913;2 2 1
tc:t2584
data:11;64;0.554646015167;1  2 
2  1.
tc:t2585
data:9;60;0.751706123352;1 2
2  1.
tc:t2586
data:5;34;0.636877059937;2 2 .
tc:t2587
data:9;37;0.446482181549;1  2 
2  
tc:t2588
data:11;57;0.554165840149;1  2 
 2 1.
tc:t2589
data:14;61;0.506400108337;8 
1  2 
2  2 
tc:t2617
data:4;24;0.620898962021;2  1
tc:t2618
data:5;36;0.508547067642;2 2 1
tc:t2620
data:5;35;0.572527170181;2 2 1
tc:t2622
data:5;33;0.638489961624;2 1 1
tc:t2626
data:5;60;0.745853185654;2 1 1
tc:t2629
data:9;70;0.82941198349;1 1
2 1 1
tc:t2640
data:5;38;0.465597867966;2 1 1
tc:t2642
data:5;34;0.701330184937;2 2 4
tc:t2649
data:5;39;0.51740694046;2
2 6
tc:t2650
data:5;36;0.509992837906;2 1 1
version6
tc:t2397
data:5;27;0.364144086838;3 4 2
tc:t2476
data:5;27;0.563223838806;2
2 7
tc:t2486
data:4;24;0.554788827896;
2
2
tc:t2540
data:5;34;0.443859815598;3
4
2
version7
tc:t2399
data:7;91;0.361304998398;2
1 1
7
tc:t2411
data:7;91;0.726150035858;2
1 1
7
tc:t2413
data:7;91;0.732633113861;2
1 1
7
tc:t2578
data:7;70;0.457762956619;2
1 1
7
tc:t2592
data:7;48;0.26285815239;3
4 1
7
tc:t2593
data:7;48;0.289356946945;3
4 1
7
tc:t2594
data:7;44;0.234280824661;3
4 1
7
tc:t2595
data:7;97;0.631957054138;3
4 .
7
tc:t2596
data:7;112;0.7893679142;3
4 1
7
tc:t2597
data:7;112;0.751221895218;3
4 1
7
tc:t2599
data:9;119;0.967104911804;3
3
4 1
6
tc:t2603
data:9;96;0.660573005676;3
6
4 1
6
tc:t2604
data:18;177;1.12536406517;3
11
7
4 .
2 3 3
6
tc:t2608
data:7;164;1.28510689735;3
4 1
7
tc:t2609
data:7;81;0.537071943283;3
4 1
7
tc:t2610
data:7;70;0.454784870148;3
4 1
7
tc:t2612
data:11;82;0.344055175781;6
3
4
1 3
6
tc:t2614
data:15;148;1.07695388794;3
7
4 1
2 2 2
6
tc:t2615
data:11;117;0.830497026443;1 1
3
4 1
7
tc:t2616
data:7;67;0.44122505188;3
4 1
7
tc:t2617
data:7;85;0.441480875015;2 2 1
7
tc:t2618
data:7;68;0.43540596962;2 2 1
7
tc:t2620
data:10;132;0.975426912308;2 2 1
2.
7
tc:t2640
data:7;79;0.517653942108;2 1 1
7
tc:t2642
data:7;77;0.514476060867;2 2 1
7
tc:t2649
data:11;76;0.502388000488;3
6
2 2 1
6
tc:t2650
data:7;47;0.270195007324;2 1 1
7
version8
tc:t100
data:24;324;0.580619096756;7
1 1
2.
2 2.
3
1 1
4.
6
tc:t1003
data:20;305;2.51479387283;6 3 2 1 0 6 2 2. 5 7
tc:t1021
data:19;242;1.90166592598; 2 1. 2 2 .3 5
12
7
tc:t1042
data:25;357;2.91454696655;1 2
 216 2 1. 6 2 2 . 5 7
tc:t1130
data:30;465;4.0846118927; 3 2 2. 2 1 95 2 2 072
3
 5
 7
tc:t1169
data:14;145;1.09598016739;2 1. 2 2 0 5 7
tc:t1170
data:33;490;3.76949810982;217 1 1 46 2. 2 2. 3 21 1 1 4 0
7
tc:t1177
data:24;344;2.80012011528;7 1 1
2. 2 2.
5 1 2 45 7
tc:t1197
data:20;272;2.2032699585;2 1 0 1 2 6 2.38 5 7
tc:t1208
data:31;485;3.98063206673;3 6 2 1. 3 2.5
3213 4 0
 3
4. 7
tc:t1242
data:29;365;3.15560483932;7 1 1 41 2. 2 2 0 3 1 1
4. 7
tc:t1305
data:27;412;3.59752202034;2 1. 2 . 13
 2.7 03 5 2.9 7
tc:t1330
data:27;372;2.93579101562; 
 1 1
2. 2 2 .67

 490
 7
tc:t16
data:24;324;2.7819070816;7
1 1
2.
2 2.
3
1 1
4.
6
tc:t1689
data:18;246;1.46871709824;2 1. 2 2.7 1 1 5 7
tc:t1758
data:24;456;3.88308405876; 2 1.  2 1 5 2 2.9 1 2 7
tc:t1905
data:24;285;2.49218297005;
1 1
1 1
2 . 
2 .7 
5 7 
tc:t2201
data:27;381;3.22813391685;2 1 .
5
 1 
2 2.7
4  0.1 
7
tc:t2263
data:21;269;2.1480281353;1 1
2 1 .
2 2 8
3
5
7
tc:t2361
data:36;568;4.48231077194;3
6
2 1 0
2 2.8
6
6
5 6
5 3
5
3 4.
7
tc:t2419
data:22;223;1.78227305412;2 1. 2 2.
5
 1 1
 3
 6
tc:t252
data:24;322;2.66231107712;7
1 1
2.
2 2.
3
1 1
4.
6
tc:t2572
data:19;243;1.51578998566;2 1. 2 .7 3
 5
 3
6
tc:t2642
data:27;363;2.98649716377;42
7
1 1
2.
2 2.
3
1 1
4.
6
tc:t719
data:27;318;2.60961890221;2 2. 7 1 1
1 1 2. 2 2 0 5 7
tc:t77
data:24;322;2.26099300385;7
1 1
2.
2 2.
3
1 1
4.
6
tc:t835
data:28;248;1.89874482155;2 1 . 2 2 . 2.7 35
 3
 5
 7
tc:t872
data:15;180;1.21776103973;2 1 0 2 2.5 5
7
tc:t880
data:26;510;4.30338287354;22 1 1 3
2. 2 2.7 5 35 5 7
tc:t896
data:43;722;6.50056099892;3 
2 1. 2 1 04 7 1 2
 11 4.
 2 2 0. 7
20.4 
tc:t953
data:24;240;1.4782269001;2 1 0 2 2.9 3 6
5 27 5 7
version9
tc:t1403
data:;;;
tc:t2452
data:;;;
tc:t2453
data:;;;
tc:t2454
data:;;;
tc:t2455
data:;;;
tc:t2456
data:;;;
tc:t2457
data:;;;
tc:t2458
data:;;;
tc:t2459
data:;;;
tc:t2523
data:;;;
tc:t2524
data:;;;
tc:t2525
data:;;;
tc:t2526
data:;;;
tc:t2527
data:;;;
tc:t2528
data:;;;
tc:t2544
data:;;;
tc:t2545
data:;;;
tc:t2547
data:;;;
tc:t2549
data:;;;
tc:t2550
data:;;;
tc:t2551
data:;;;
tc:t2552
data:;;;
tc:t2553
data:;;;
Total tcs:789
